156
277
20
546
29
319
299
440
597
157
393
54
256
508
451
84
493
150
509
247
554
406
149
464
473
463
203
433
345
436
69
348
253
146
292
43
555
28
297
174
274
266
242
113
455
153
310
50
298
163
401
106
112
586
238
250
564
538
506
584
478
438
147
53
240
282
177
187
262
255
101
373
215
4
246
458
281
41
390
213
21
45
131
55
176
316
324
435
573
167
377
322
60
81
525
382
211
115
604
388
268
117
602
356
192
74
514
419
400
431
165
556
408
410
447
327
123
160
424
202
11
582
59
441
574
79
49
230
335
118
139
252
193
78
10
587
134
452
415
342
511
99
437
64
204
402
70
579
273
507
302
152
609
191
133
216
280
492
346
518
270
98
301
34
294
245
94
26
39
421
608
36
14
519
235
378
444
386
58
284
209
376
423
102
462
151
474
158
522
227
257
275
323
591
537
596
140
578
552
97
196
278
333
432
188
459
326
88
536
197
349
169
523
248
236
404
372
353
575
365
409
503
136
124
265
504
38
594
528
223
103
568
580
490
195
315
481
127
449
442
414
267
534
175
472
164
104
300
425
264
269
111
7
288
565
457
75
214
33
271
40
296
311
381
589
285
116
309
357
260
56
61
241
80
207
67
125
352
605
354
484
477
374
217
219
422
244
233
90
226
51
526
366
184
512
126
476
456
30
539
220
145
498
379
516
359
234
361
396
360
355
228
15
199
576
363
358
450
171
470
468
96
500
287
251
308
530
510
205
198
142
225
340
341
593
303
320
338
461
180
314
231
607
548
312
22
18
258
420
486
276
135
290
344
549
224
475
185
403
85
162
600
2
343
48
159
108
73
427
321
186
395
567
120
35
44
12
179
398
479
114
57
351
130
426
411
606
497
588
254
387
3
592
480
371
71
178
63
362
313
328
155
249
533
239
413
25
318
334
469
110
454
261
397
259
122
132
483
148
585
272
560
482
569
168
471
279
535
332
24
37
46
557
501
172
541
291
138
232
331
418
375
16
598
317
201
517
161
570
417
325
496
453
66
368
405
243
86
170
263
392
448
407
222
527
445
119
385
154
212
190
77
380
137
485
350
563
553
1
141
105
599
306
166
289
494
443
189
143
27
